_a 0 0 101 213
_b 101 0 101 213
_c 202 0 101 213
_d 303 0 101 213
_e 404 0 101 213
_f 505 0 101 213
_g 606 0 101 213
_h 707 0 101 213
_i 808 0 101 213
_j 909 0 101 213
_k 1010 0 101 213
_l 1111 0 101 213
_m 1212 0 101 213
_n 1313 0 101 213
_o 1414 0 101 213
_p 1515 0 101 213
_q 1616 0 101 213
_r 1717 0 101 213
_s 1818 0 101 213
_t 1919 0 101 213
_u 0 213 101 213
_v 101 213 101 213
_w 202 213 101 213
_x 303 213 101 213
_y 404 213 101 213
_z 505 213 101 213
A 606 213 101 213
accent 707 213 101 213
ampersand 808 213 101 213
apostrophe 909 213 101 213
asterisk 1010 213 101 213
at 1111 213 101 213
B 1212 213 101 213
backslash 1313 213 101 213
bar 1414 213 101 213
C 1515 213 101 213
caret 1616 213 101 213
colon 1717 213 101 213
comma 1818 213 101 213
D 1919 213 101 213
dash 0 426 101 213
dollar 101 426 101 213
E 202 426 101 213
eight 303 426 101 213
equals 404 426 101 213
exclamation 505 426 101 213
F 606 426 101 213
five 707 426 101 213
four 808 426 101 213
G 909 426 101 213
greater 1010 426 101 213
H 1111 426 101 213
I 1212 426 101 213
J 1313 426 101 213
K 1414 426 101 213
L 1515 426 101 213
leftbrace 1616 426 101 213
leftbracket 1717 426 101 213
leftparen 1818 426 101 213
less 1919 426 101 213
M 0 639 101 213
N 101 639 101 213
nine 202 639 101 213
O 303 639 101 213
one 404 639 101 213
P 505 639 101 213
percent 606 639 101 213
period 707 639 101 213
plus 808 639 101 213
pound 909 639 101 213
Q 1010 639 101 213
question 1111 639 101 213
quotation 1212 639 101 213
R 1313 639 101 213
rightbrace 1414 639 101 213
rightbracket 1515 639 101 213
rightparen 1616 639 101 213
S 1717 639 101 213
semicolon 1818 639 101 213
seven 1919 639 101 213
six 0 852 101 213
T 101 852 101 213
three 202 852 101 213
tilde 303 852 101 213
two 404 852 101 213
U 505 852 101 213
underscore 606 852 101 213
V 707 852 101 213
W 808 852 101 213
X 909 852 101 213
Y 1010 852 101 213
Z 1111 852 101 213
zero 1212 852 101 213
roof 1313 852 64 64
wall 1377 852 64 64
